-1.705931383185088634e-03
-1.280488725751638412e-02
2.170381322503089905e-02
3.283564699813723564e-03
2.702879160642623901e-02
-1.360084488987922668e-02
-1.837635599076747894e-02
-2.255215868353843689e-02
-1.068274397403001785e-02
-1.353731146082282066e-03
-1.477223634719848633e-02
-1.019450370222330093e-02
7.172658294439315796e-02
2.174191549420356750e-02
6.662838906049728394e-02
-5.736437626183032990e-03
6.104401312768459320e-03
-1.128855277784168720e-03
6.019072234630584717e-02
-4.756343550980091095e-03
2.066623233258724213e-02
1.363521534949541092e-02
2.827044343575835228e-03
6.316107464954257011e-04
3.667812049388885498e-02
1.346779763698577881e-01
6.281868263613432646e-05
3.322960436344146729e-02
4.586830735206604004e-02
1.016558613628149033e-02
8.089370280504226685e-02
2.590427547693252563e-02
