[-0.01645264  0.05728009 -0.00488941 -0.02602923  0.01364676 -0.02422483
 -0.03615129  0.02001562  0.00973111 -0.03242892 -0.0159934  -0.024825
 -0.00748741  0.03204419 -0.03781487 -0.01479298 -0.00187458 -0.04575792
 -0.06909796 -0.01191384  0.01636111 -0.01025318 -0.03464898  0.07353226
  0.01235514 -0.00955431  0.06124122 -0.05359488 -0.03944338 -0.03029818
 -0.02005518  0.12608695 -0.01000125 -0.05668294 -0.01247953 -0.00161795
  0.03458672  0.07004374  0.0003099  -0.02124109 -0.00872403  0.00267017
 -0.01246453  0.08051924 -0.00807667 -0.06466263  0.03146277 -0.04172307
 -0.03218845 -0.0249241  -0.03521729  0.03476846  0.02772929 -0.00829248
  0.03905937 -0.01484781 -0.02579463  0.01225718  0.00480195 -0.00802168
 -0.01599048 -0.01501611 -0.0096734  -0.0250729 ]