1.217797175049781799e-01
-3.506625769659876823e-03
-2.438473701477050781e-02
-2.374409884214401245e-02
4.137374460697174072e-02
-2.669097483158111572e-02
2.801907435059547424e-02
8.749002963304519653e-02
-9.782175533473491669e-03
4.439422115683555603e-02
-2.458600141108036041e-02
3.671344742178916931e-02
3.635479370132088661e-04
5.593971163034439087e-02
5.290042736305622384e-06
4.638063255697488785e-03
-1.515073515474796295e-02
1.159806852228939533e-03
3.895382583141326904e-02
4.345749403000809252e-06
-5.789405200630426407e-03
-4.375176038593053818e-03
-7.548000197857618332e-03
-1.888560014776885509e-03
-1.968720369040966034e-02
3.745532594621181488e-03
-1.308127027004957199e-02
-1.596776023507118225e-02
8.400080353021621704e-02
6.115671992301940918e-02
-1.582263223826885223e-02
-5.896239963476546109e-05
