3.902254626154899597e-02
8.526772260665893555e-02
-1.637729117646813393e-03
-2.819703705608844757e-02
-6.519948947243392467e-04
-3.716693073511123657e-02
-1.515948795713484287e-03
8.838978409767150879e-02
-1.139236427843570709e-02
-2.654726989567279816e-02
-2.643550373613834381e-02
-1.363925822079181671e-02
5.032333359122276306e-02
-3.848907351493835449e-02
-4.397582262754440308e-02
-5.605229642242193222e-03
5.778307095170021057e-04
-1.943188160657882690e-02
-2.156358398497104645e-02
1.080499682575464249e-02
-7.646506419405341148e-04
-1.010184641927480698e-02
-3.650795295834541321e-02
5.473095807246863842e-04
8.921734988689422607e-02
-3.501987457275390625e-02
-1.776372455060482025e-02
9.104988421313464642e-04
1.375038828700780869e-02
-4.401102196425199509e-03
2.122091501951217651e-02
1.719476133584976196e-01
