4.516050109863281250e+02
4.181006164550781250e+02
1.313645629882812500e+02
4.214983215332031250e+02
1.206475982666015625e+02
4.237059936523437500e+02
0.000000000000000000e+00
3.599690246582031250e+02
4.375545654296875000e+02
0.000000000000000000e+00
3.575904235839843750e+02
0.000000000000000000e+00
3.495760498046875000e+02
2.561865234375000000e+02
0.000000000000000000e+00
2.316686248779296875e+02
5.557644367218017578e+00
2.618215332031250000e+02
1.943426361083984375e+02
0.000000000000000000e+00
2.513973388671875000e+02
2.212953186035156250e+01
1.599229278564453125e+02
1.201103057861328125e+02
2.341640930175781250e+02
1.616483001708984375e+02
3.622390747070312500e+02
7.632755279541015625e+01
3.483783569335937500e+02
2.594845886230468750e+02
3.334032592773437500e+02
2.861942138671875000e+02
0.000000000000000000e+00
4.042444458007812500e+02
2.158479461669921875e+02
3.413710937500000000e+02
4.480835342407226562e+01
0.000000000000000000e+00
2.920328063964843750e+02
8.879132270812988281e+00
2.762870178222656250e+02
2.024864196777343750e+01
0.000000000000000000e+00
2.483746185302734375e+02
0.000000000000000000e+00
3.053821716308593750e+02
8.474340820312500000e+01
0.000000000000000000e+00
1.803003311157226562e+01
0.000000000000000000e+00
5.129989013671875000e+02
4.392863159179687500e+02
3.697792663574218750e+02
5.438049926757812500e+02
5.040569152832031250e+02
5.316711425781250000e+02
0.000000000000000000e+00
5.519268188476562500e+02
4.202455749511718750e+02
2.798138427734375000e+02
2.909143066406250000e+02
1.246170578002929688e+02
5.049784240722656250e+02
1.940288085937500000e+02
1.326245269775390625e+02
1.994768371582031250e+02
1.188144302368164062e+02
4.750297851562500000e+02
2.305942077636718750e+02
1.341463165283203125e+02
2.499676666259765625e+02
7.877906036376953125e+01
4.953385009765625000e+02
4.655717468261718750e+02
4.368064880371093750e+02
0.000000000000000000e+00
0.000000000000000000e+00
0.000000000000000000e+00
0.000000000000000000e+00
0.000000000000000000e+00
0.000000000000000000e+00
0.000000000000000000e+00
0.000000000000000000e+00
0.000000000000000000e+00
0.000000000000000000e+00
0.000000000000000000e+00
0.000000000000000000e+00
0.000000000000000000e+00
0.000000000000000000e+00
0.000000000000000000e+00
0.000000000000000000e+00
0.000000000000000000e+00
0.000000000000000000e+00
0.000000000000000000e+00
0.000000000000000000e+00
0.000000000000000000e+00
0.000000000000000000e+00
0.000000000000000000e+00
0.000000000000000000e+00
0.000000000000000000e+00
0.000000000000000000e+00
2.954319152832031250e+02
4.597585449218750000e+02
2.014324951171875000e+02
4.718305053710937500e+02
3.449240875244140625e+01
2.628308410644531250e+02
1.143372116088867188e+02
2.335552368164062500e+02
5.724164428710937500e+02
2.686755752563476562e+01
3.173329467773437500e+02
1.235168151855468750e+02
4.103102493286132812e+01
4.329267883300781250e+02
0.000000000000000000e+00
3.923244323730468750e+02
2.729206542968750000e+02
0.000000000000000000e+00
3.184597473144531250e+02
0.000000000000000000e+00
3.581317443847656250e+02
4.584987182617187500e+02
0.000000000000000000e+00
1.018902587890625000e+02
3.182773742675781250e+02
3.129348144531250000e+02
4.507263488769531250e+02
5.818451538085937500e+02
7.002791137695312500e+02
3.371010437011718750e+02
2.638471374511718750e+02
4.001502990722656250e+02
2.692323913574218750e+02
6.140813598632812500e+02
2.212869567871093750e+02
3.269519348144531250e+02
5.033285522460937500e+02
1.950586547851562500e+02
3.677082519531250000e+02
2.043369140625000000e+02
3.496575012207031250e+02
5.162716064453125000e+02
2.523858642578125000e+02
2.989231872558593750e+02
2.379239501953125000e+02
2.725476684570312500e+02
6.432974853515625000e+02
6.062570190429687500e+02
3.334174194335937500e+02
2.284831848144531250e+02
4.300134887695312500e+02
1.750073699951171875e+02
3.340171203613281250e+02
2.573352966308593750e+02
4.685804443359375000e+02
3.877208862304687500e+02
3.545888519287109375e+01
4.122539367675781250e+02
1.184561309814453125e+02
4.434378662109375000e+02
6.478939056396484375e+01
2.020947113037109375e+02
4.504157714843750000e+02
0.000000000000000000e+00
4.364933776855468750e+02
0.000000000000000000e+00
1.938355560302734375e+02
4.392877807617187500e+02
3.361704826354980469e+00
4.144869079589843750e+02
4.252778625488281250e+01
1.090471420288085938e+02
3.338622131347656250e+02
6.300411987304687500e+01
0.000000000000000000e+00
6.207045364379882812e+01
9.054719543457031250e+01
7.498645782470703125e+01
1.800654754638671875e+02
4.830965042114257812e+01
6.546287536621093750e+01
0.000000000000000000e+00
7.423223876953125000e+01
1.152197952270507812e+02
4.009613037109375000e+01
0.000000000000000000e+00
2.298322916030883789e+00
3.413328552246093750e+01
1.008335709571838379e+00
1.937002563476562500e+01
0.000000000000000000e+00
1.596641826629638672e+01
1.338133573532104492e+00
0.000000000000000000e+00
4.480576324462890625e+01
0.000000000000000000e+00
9.803534698486328125e+01
7.053675842285156250e+01
0.000000000000000000e+00
3.309824523925781250e+02
0.000000000000000000e+00
1.963774566650390625e+02
0.000000000000000000e+00
0.000000000000000000e+00
0.000000000000000000e+00
1.479680480957031250e+02
2.100524139404296875e+02
0.000000000000000000e+00
0.000000000000000000e+00
0.000000000000000000e+00
1.171870803833007812e+02
0.000000000000000000e+00
0.000000000000000000e+00
0.000000000000000000e+00
6.092819595336914062e+01
7.203520774841308594e+00
0.000000000000000000e+00
2.068368072509765625e+02
1.939367980957031250e+02
8.856966018676757812e+00
0.000000000000000000e+00
0.000000000000000000e+00
4.056240844726562500e+02
4.695160522460937500e+02
4.979186706542968750e+02
0.000000000000000000e+00
4.731293640136718750e+02
1.121191635131835938e+02
0.000000000000000000e+00
0.000000000000000000e+00
4.821120605468750000e+02
5.801403198242187500e+02
0.000000000000000000e+00
3.145794372558593750e+02
0.000000000000000000e+00
5.560177612304687500e+02
3.467981567382812500e+02
0.000000000000000000e+00
4.616358337402343750e+02
0.000000000000000000e+00
4.838352661132812500e+02
2.392528228759765625e+02
0.000000000000000000e+00
5.552990112304687500e+02
0.000000000000000000e+00
4.033007507324218750e+02
2.809363708496093750e+02
0.000000000000000000e+00
5.669260253906250000e+02
0.000000000000000000e+00
0.000000000000000000e+00
0.000000000000000000e+00
0.000000000000000000e+00
0.000000000000000000e+00
0.000000000000000000e+00
0.000000000000000000e+00
0.000000000000000000e+00
0.000000000000000000e+00
0.000000000000000000e+00
0.000000000000000000e+00
0.000000000000000000e+00
0.000000000000000000e+00
0.000000000000000000e+00
0.000000000000000000e+00
0.000000000000000000e+00
0.000000000000000000e+00
0.000000000000000000e+00
0.000000000000000000e+00
0.000000000000000000e+00
0.000000000000000000e+00
0.000000000000000000e+00
0.000000000000000000e+00
0.000000000000000000e+00
0.000000000000000000e+00
5.631107177734375000e+02
5.112333068847656250e+02
2.358681488037109375e+02
5.210388183593750000e+02
6.635903930664062500e+02
6.166015014648437500e+02
4.364786682128906250e+02
4.503535156250000000e+02
6.903527221679687500e+02
1.243398513793945312e+02
7.353073730468750000e+02
1.324848175048828125e+01
6.038179931640625000e+02
7.711607055664062500e+02
0.000000000000000000e+00
8.078157348632812500e+02
0.000000000000000000e+00
6.133256225585937500e+02
8.514006958007812500e+02
0.000000000000000000e+00
8.062717285156250000e+02
3.375332260131835938e+01
4.818883666992187500e+02
8.276992797851562500e+02
3.818103332519531250e+02
0.000000000000000000e+00
0.000000000000000000e+00
0.000000000000000000e+00
0.000000000000000000e+00
0.000000000000000000e+00
0.000000000000000000e+00
0.000000000000000000e+00
0.000000000000000000e+00
0.000000000000000000e+00
0.000000000000000000e+00
0.000000000000000000e+00
0.000000000000000000e+00
0.000000000000000000e+00
0.000000000000000000e+00
0.000000000000000000e+00
0.000000000000000000e+00
0.000000000000000000e+00
0.000000000000000000e+00
0.000000000000000000e+00
0.000000000000000000e+00
0.000000000000000000e+00
0.000000000000000000e+00
0.000000000000000000e+00
0.000000000000000000e+00
0.000000000000000000e+00
2.323107757568359375e+02
0.000000000000000000e+00
2.713586730957031250e+02
1.793651819229125977e+00
0.000000000000000000e+00
0.000000000000000000e+00
2.577987670898437500e+02
2.706894226074218750e+02
0.000000000000000000e+00
3.381856536865234375e+01
0.000000000000000000e+00
2.483578033447265625e+02
4.853827285766601562e+01
0.000000000000000000e+00
1.245587692260742188e+02
0.000000000000000000e+00
1.161735610961914062e+02
1.386509299278259277e+00
7.921416759490966797e+00
2.536266021728515625e+02
0.000000000000000000e+00
7.971914672851562500e+01
5.066877841949462891e+00
1.065456771850585938e+02
2.816340942382812500e+02
0.000000000000000000e+00
0.000000000000000000e+00
0.000000000000000000e+00
0.000000000000000000e+00
0.000000000000000000e+00
0.000000000000000000e+00
0.000000000000000000e+00
0.000000000000000000e+00
0.000000000000000000e+00
0.000000000000000000e+00
0.000000000000000000e+00
0.000000000000000000e+00
0.000000000000000000e+00
0.000000000000000000e+00
0.000000000000000000e+00
0.000000000000000000e+00
0.000000000000000000e+00
0.000000000000000000e+00
0.000000000000000000e+00
0.000000000000000000e+00
0.000000000000000000e+00
0.000000000000000000e+00
0.000000000000000000e+00
0.000000000000000000e+00
0.000000000000000000e+00
0.000000000000000000e+00
7.914768218994140625e+01
2.243722839355468750e+02
0.000000000000000000e+00
2.343797760009765625e+02
0.000000000000000000e+00
1.960606384277343750e+02
1.323021697998046875e+02
0.000000000000000000e+00
4.213674621582031250e+02
0.000000000000000000e+00
2.777716369628906250e+02
1.263113479614257812e+02
0.000000000000000000e+00
3.286932678222656250e+02
0.000000000000000000e+00
3.150711059570312500e+02
2.689772644042968750e+02
0.000000000000000000e+00
2.479938201904296875e+02
0.000000000000000000e+00
2.379157714843750000e+02
4.000153503417968750e+02
0.000000000000000000e+00
5.970100784301757812e+01
0.000000000000000000e+00
0.000000000000000000e+00
0.000000000000000000e+00
0.000000000000000000e+00
0.000000000000000000e+00
0.000000000000000000e+00
3.905749130249023438e+01
0.000000000000000000e+00
7.185278320312500000e+01
2.312973632812500000e+02
5.247098922729492188e+01
1.278330688476562500e+02
0.000000000000000000e+00
1.339461822509765625e+02
1.686127471923828125e+02
6.723752593994140625e+01
1.515050201416015625e+02
0.000000000000000000e+00
1.100808410644531250e+02
6.338050842285156250e+01
4.866556930541992188e+01
2.064631500244140625e+02
0.000000000000000000e+00
0.000000000000000000e+00
0.000000000000000000e+00
3.313883056640625000e+02
3.204474182128906250e+02
6.907232055664062500e+02
2.071715393066406250e+02
6.094345703125000000e+02
0.000000000000000000e+00
8.142987060546875000e+02
6.806439819335937500e+02
0.000000000000000000e+00
1.013412963867187500e+03
0.000000000000000000e+00
9.501871337890625000e+02
4.876719665527343750e+02
0.000000000000000000e+00
1.014090209960937500e+03
0.000000000000000000e+00
9.961979980468750000e+02
6.648339843750000000e+02
0.000000000000000000e+00
9.007000732421875000e+02
0.000000000000000000e+00
8.550816650390625000e+02
9.516002197265625000e+02
0.000000000000000000e+00
6.241527709960937500e+02
3.884508666992187500e+02
5.206505737304687500e+02
1.899968719482421875e+02
4.923913879394531250e+02
3.521070251464843750e+02
5.387907714843750000e+02
3.450717468261718750e+02
1.458335418701171875e+02
5.199448242187500000e+02
1.432077026367187500e+02
4.964562988281250000e+02
1.207079124450683594e+01
2.485668334960937500e+02
4.838066101074218750e+02
0.000000000000000000e+00
4.715108032226562500e+02
0.000000000000000000e+00
2.227176513671875000e+02
4.416893005371093750e+02
1.087601566314697266e+01
4.340654602050781250e+02
3.881706619262695312e+01
1.222946090698242188e+02
2.867089843750000000e+02
5.331817626953125000e+01
0.000000000000000000e+00
0.000000000000000000e+00
7.926953887939453125e+01
0.000000000000000000e+00
0.000000000000000000e+00
0.000000000000000000e+00
1.828532409667968750e+02
8.202375030517578125e+01
0.000000000000000000e+00
2.797150573730468750e+02
0.000000000000000000e+00
2.720338134765625000e+02
0.000000000000000000e+00
0.000000000000000000e+00
3.183208312988281250e+02
0.000000000000000000e+00
3.060689086914062500e+02
6.040253448486328125e+01
0.000000000000000000e+00
2.696867980957031250e+02
0.000000000000000000e+00
2.750401000976562500e+02
2.665613708496093750e+02
0.000000000000000000e+00
3.237012863159179688e+01
1.668020935058593750e+02
4.794696044921875000e+02
1.023277816772460938e+02
1.682773895263671875e+02
0.000000000000000000e+00
3.983400268554687500e+02
2.664399414062500000e+02
0.000000000000000000e+00
3.400090332031250000e+02
0.000000000000000000e+00
2.452989501953125000e+02
0.000000000000000000e+00
0.000000000000000000e+00
2.531406860351562500e+02
0.000000000000000000e+00
1.830192413330078125e+02
0.000000000000000000e+00
0.000000000000000000e+00
9.532803344726562500e+01
0.000000000000000000e+00
9.677848052978515625e+01
8.491241455078125000e+00
0.000000000000000000e+00
0.000000000000000000e+00
0.000000000000000000e+00
0.000000000000000000e+00
0.000000000000000000e+00
0.000000000000000000e+00
0.000000000000000000e+00
0.000000000000000000e+00
0.000000000000000000e+00
0.000000000000000000e+00
0.000000000000000000e+00
0.000000000000000000e+00
0.000000000000000000e+00
0.000000000000000000e+00
0.000000000000000000e+00
0.000000000000000000e+00
0.000000000000000000e+00
0.000000000000000000e+00
0.000000000000000000e+00
0.000000000000000000e+00
0.000000000000000000e+00
0.000000000000000000e+00
0.000000000000000000e+00
0.000000000000000000e+00
0.000000000000000000e+00
0.000000000000000000e+00
0.000000000000000000e+00
0.000000000000000000e+00
1.627789764404296875e+02
0.000000000000000000e+00
1.439136047363281250e+02
0.000000000000000000e+00
2.046618652343750000e+01
0.000000000000000000e+00
7.095245361328125000e+01
1.633538970947265625e+02
0.000000000000000000e+00
0.000000000000000000e+00
0.000000000000000000e+00
1.067155685424804688e+02
8.774785614013671875e+01
0.000000000000000000e+00
3.250140762329101562e+01
0.000000000000000000e+00
4.574389266967773438e+01
4.866228485107421875e+01
0.000000000000000000e+00
8.993735504150390625e+01
0.000000000000000000e+00
5.119080066680908203e+00
3.661387634277343750e+01
0.000000000000000000e+00
7.402075958251953125e+01
1.810050354003906250e+02
4.152680358886718750e+02
1.026368179321289062e+02
2.574489135742187500e+02
1.384059143066406250e+02
3.418550109863281250e+02
2.153815612792968750e+02
0.000000000000000000e+00
2.929847412109375000e+02
9.853224945068359375e+01
1.730102539062500000e+02
0.000000000000000000e+00
0.000000000000000000e+00
1.354832916259765625e+02
0.000000000000000000e+00
1.083537826538085938e+02
0.000000000000000000e+00
0.000000000000000000e+00
5.969564056396484375e+01
0.000000000000000000e+00
8.969065856933593750e+01
3.054290390014648438e+01
0.000000000000000000e+00
0.000000000000000000e+00
0.000000000000000000e+00
3.009418029785156250e+02
2.483907012939453125e+02
1.555693206787109375e+02
3.969980468750000000e+02
5.966502685546875000e+02
3.412487792968750000e+02
1.472600097656250000e+02
3.308142089843750000e+02
3.679792175292968750e+02
2.140326995849609375e+02
3.977190551757812500e+02
0.000000000000000000e+00
4.455954589843750000e+02
3.744214172363281250e+02
0.000000000000000000e+00
4.042086181640625000e+02
0.000000000000000000e+00
4.713561401367187500e+02
4.728320007324218750e+02
1.917843937873840332e+00
4.548790893554687500e+02
0.000000000000000000e+00
4.580896606445312500e+02
5.978400878906250000e+02
2.272463073730468750e+02
0.000000000000000000e+00
0.000000000000000000e+00
0.000000000000000000e+00
0.000000000000000000e+00
0.000000000000000000e+00
0.000000000000000000e+00
0.000000000000000000e+00
0.000000000000000000e+00
0.000000000000000000e+00
8.031671905517578125e+01
0.000000000000000000e+00
0.000000000000000000e+00
0.000000000000000000e+00
0.000000000000000000e+00
5.698981094360351562e+01
0.000000000000000000e+00
3.841614913940429688e+01
0.000000000000000000e+00
0.000000000000000000e+00
0.000000000000000000e+00
0.000000000000000000e+00
6.045254516601562500e+01
1.014074020385742188e+02
0.000000000000000000e+00
0.000000000000000000e+00
4.211162109375000000e+02
0.000000000000000000e+00
3.731840209960937500e+02
0.000000000000000000e+00
0.000000000000000000e+00
0.000000000000000000e+00
4.503337402343750000e+02
4.506007385253906250e+02
0.000000000000000000e+00
1.164610824584960938e+02
0.000000000000000000e+00
4.654360656738281250e+02
1.380083465576171875e+02
0.000000000000000000e+00
3.019686889648437500e+02
0.000000000000000000e+00
3.149887390136718750e+02
4.914473342895507812e+01
0.000000000000000000e+00
4.496585083007812500e+02
0.000000000000000000e+00
2.545877075195312500e+02
7.234712982177734375e+01
0.000000000000000000e+00
4.107374572753906250e+02
0.000000000000000000e+00
0.000000000000000000e+00
0.000000000000000000e+00
0.000000000000000000e+00
0.000000000000000000e+00
0.000000000000000000e+00
0.000000000000000000e+00
0.000000000000000000e+00
0.000000000000000000e+00
0.000000000000000000e+00
0.000000000000000000e+00
0.000000000000000000e+00
0.000000000000000000e+00
0.000000000000000000e+00
0.000000000000000000e+00
0.000000000000000000e+00
0.000000000000000000e+00
0.000000000000000000e+00
0.000000000000000000e+00
0.000000000000000000e+00
0.000000000000000000e+00
0.000000000000000000e+00
0.000000000000000000e+00
0.000000000000000000e+00
0.000000000000000000e+00
2.512492828369140625e+02
3.431922531127929688e+01
2.628627624511718750e+02
2.258070983886718750e+02
1.446595153808593750e+02
2.318543243408203125e+02
0.000000000000000000e+00
3.037208862304687500e+02
9.447553253173828125e+01
1.755774078369140625e+02
3.000623512268066406e+01
2.003508567810058594e+01
3.564795227050781250e+02
0.000000000000000000e+00
1.998364639282226562e+01
0.000000000000000000e+00
7.520677089691162109e+00
3.479292602539062500e+02
0.000000000000000000e+00
2.519241333007812500e+01
0.000000000000000000e+00
0.000000000000000000e+00
2.623604736328125000e+02
1.105830230712890625e+02
1.731887207031250000e+02
8.293633270263671875e+01
2.426291503906250000e+02
2.689023437500000000e+02
1.975081939697265625e+02
3.758798522949218750e+02
1.231497192382812500e+02
1.369197082519531250e+02
3.993038558959960938e+01
1.608642120361328125e+02
3.832003784179687500e+02
3.580404281616210938e+01
6.857209014892578125e+01
1.104073867797851562e+02
1.565083599090576172e+01
1.186584167480468750e+02
5.502260923385620117e-01
1.019494552612304688e+02
2.000277099609375000e+02
0.000000000000000000e+00
4.874802017211914062e+01
0.000000000000000000e+00
7.499716949462890625e+01
2.640108032226562500e+02
1.038147277832031250e+02
0.000000000000000000e+00
3.679054260253906250e+02
1.215195236206054688e+02
3.481498718261718750e+02
3.204662170410156250e+02
1.329598693847656250e+02
2.825593872070312500e+02
1.362720489501953125e+01
3.777188110351562500e+02
1.327373352050781250e+02
5.942813873291015625e+01
3.448120498657226562e+01
9.107263946533203125e+01
2.895650329589843750e+02
0.000000000000000000e+00
5.457817840576171875e+01
0.000000000000000000e+00
6.172916793823242188e+01
1.947490997314453125e+02
2.206333160400390625e+01
9.823381805419921875e+01
0.000000000000000000e+00
1.818005752563476562e+01
1.784737091064453125e+02
1.154207916259765625e+02
3.703067626953125000e+02
2.530492095947265625e+02
0.000000000000000000e+00
1.921558380126953125e+02
3.337972640991210938e+01
0.000000000000000000e+00
0.000000000000000000e+00
0.000000000000000000e+00
1.427961730957031250e+02
0.000000000000000000e+00
0.000000000000000000e+00
0.000000000000000000e+00
2.538795471191406250e+01
9.203649139404296875e+01
0.000000000000000000e+00
0.000000000000000000e+00
0.000000000000000000e+00
0.000000000000000000e+00
0.000000000000000000e+00
0.000000000000000000e+00
3.999107742309570312e+01
0.000000000000000000e+00
0.000000000000000000e+00
0.000000000000000000e+00
0.000000000000000000e+00
1.546174621582031250e+02
0.000000000000000000e+00
0.000000000000000000e+00
0.000000000000000000e+00
0.000000000000000000e+00
0.000000000000000000e+00
0.000000000000000000e+00
0.000000000000000000e+00
0.000000000000000000e+00
0.000000000000000000e+00
0.000000000000000000e+00
0.000000000000000000e+00
0.000000000000000000e+00
0.000000000000000000e+00
0.000000000000000000e+00
0.000000000000000000e+00
0.000000000000000000e+00
0.000000000000000000e+00
0.000000000000000000e+00
0.000000000000000000e+00
0.000000000000000000e+00
0.000000000000000000e+00
0.000000000000000000e+00
0.000000000000000000e+00
0.000000000000000000e+00
0.000000000000000000e+00
0.000000000000000000e+00
0.000000000000000000e+00
0.000000000000000000e+00
0.000000000000000000e+00
0.000000000000000000e+00
0.000000000000000000e+00
0.000000000000000000e+00
0.000000000000000000e+00
0.000000000000000000e+00
0.000000000000000000e+00
0.000000000000000000e+00
0.000000000000000000e+00
0.000000000000000000e+00
0.000000000000000000e+00
0.000000000000000000e+00
0.000000000000000000e+00
0.000000000000000000e+00
0.000000000000000000e+00
0.000000000000000000e+00
0.000000000000000000e+00
0.000000000000000000e+00
0.000000000000000000e+00
0.000000000000000000e+00
0.000000000000000000e+00
0.000000000000000000e+00
0.000000000000000000e+00
0.000000000000000000e+00
0.000000000000000000e+00
0.000000000000000000e+00
0.000000000000000000e+00
0.000000000000000000e+00
0.000000000000000000e+00
0.000000000000000000e+00
0.000000000000000000e+00
0.000000000000000000e+00
0.000000000000000000e+00
0.000000000000000000e+00
0.000000000000000000e+00
0.000000000000000000e+00
0.000000000000000000e+00
0.000000000000000000e+00
0.000000000000000000e+00
0.000000000000000000e+00
0.000000000000000000e+00
0.000000000000000000e+00
0.000000000000000000e+00
0.000000000000000000e+00
0.000000000000000000e+00
0.000000000000000000e+00
0.000000000000000000e+00
2.822105102539062500e+02
1.000747909545898438e+02
2.595121765136718750e+02
2.790751342773437500e+02
2.863472900390625000e+02
2.129343719482421875e+02
1.308466949462890625e+02
2.706559448242187500e+02
1.327424316406250000e+02
1.288014984130859375e+02
7.981359863281250000e+01
1.499901580810546875e+02
2.702178955078125000e+02
1.051164627075195312e+01
1.089736480712890625e+02
4.593711471557617188e+01
1.039949111938476562e+02
2.791604003906250000e+02
1.083199310302734375e+02
1.622581634521484375e+02
7.641516113281250000e+01
8.112624359130859375e+01
2.616713867187500000e+02
2.541598205566406250e+02
2.912810668945312500e+02
0.000000000000000000e+00
1.605760345458984375e+02
1.392177581787109375e+02
0.000000000000000000e+00
0.000000000000000000e+00
6.229578781127929688e+01
1.461158599853515625e+02
0.000000000000000000e+00
9.435834503173828125e+01
9.209584236145019531e+00
7.431789398193359375e+01
0.000000000000000000e+00
0.000000000000000000e+00
6.486635589599609375e+01
0.000000000000000000e+00
3.424217224121093750e+01
0.000000000000000000e+00
0.000000000000000000e+00
0.000000000000000000e+00
0.000000000000000000e+00
8.760111808776855469e+00
0.000000000000000000e+00
0.000000000000000000e+00
0.000000000000000000e+00
0.000000000000000000e+00
0.000000000000000000e+00
0.000000000000000000e+00
0.000000000000000000e+00
0.000000000000000000e+00
0.000000000000000000e+00
0.000000000000000000e+00
0.000000000000000000e+00
0.000000000000000000e+00
0.000000000000000000e+00
0.000000000000000000e+00
0.000000000000000000e+00
0.000000000000000000e+00
0.000000000000000000e+00
4.809867095947265625e+01
1.466518402099609375e+00
2.045188140869140625e+01
4.923247528076171875e+01
0.000000000000000000e+00
4.755546188354492188e+01
3.073465919494628906e+01
0.000000000000000000e+00
6.748280334472656250e+01
0.000000000000000000e+00
0.000000000000000000e+00
5.469636917114257812e+01
5.463875198364257812e+01
4.950679626464843750e+02
5.869826660156250000e+02
3.115866088867187500e+02
6.033075561523437500e+02
2.401772918701171875e+02
3.685169067382812500e+02
5.769627571105957031e+00
3.630049438476562500e+02
6.523041992187500000e+02
1.546183624267578125e+02
1.473619079589843750e+02
1.130083541870117188e+02
1.627846374511718750e+02
3.056079101562500000e+02
1.041614761352539062e+02
2.495621032714843750e+02
2.630044250488281250e+02
1.835727310180664062e+01
1.648437805175781250e+02
1.615031242370605469e+01
2.357720642089843750e+02
4.284031677246093750e+02
3.527956771850585938e+01
0.000000000000000000e+00
0.000000000000000000e+00
1.380364837646484375e+02
0.000000000000000000e+00
0.000000000000000000e+00
0.000000000000000000e+00
3.882959289550781250e+02
3.190670471191406250e+02
0.000000000000000000e+00
4.010308532714843750e+02
0.000000000000000000e+00
5.062185363769531250e+02
1.237420654296875000e+02
0.000000000000000000e+00
4.768042907714843750e+02
0.000000000000000000e+00
5.298732910156250000e+02
0.000000000000000000e+00
0.000000000000000000e+00
6.050798339843750000e+02
7.363786315917968750e+01
5.443884887695312500e+02
1.239713439941406250e+02
0.000000000000000000e+00
5.300522460937500000e+02
2.509669799804687500e+02
3.782155456542968750e+02
4.955682067871093750e+02
1.176489257812500000e+02
4.264190979003906250e+02
2.605069274902343750e+02
4.528005065917968750e+02
2.187405090332031250e+02
1.337601165771484375e+02
4.141781005859375000e+02
1.626994781494140625e+02
3.193971557617187500e+02
0.000000000000000000e+00
1.590200805664062500e+02
2.463769073486328125e+02
0.000000000000000000e+00
2.100985565185546875e+02
3.185777664184570312e-01
8.255509185791015625e+01
1.445348663330078125e+02
0.000000000000000000e+00
1.713959808349609375e+02
4.248297882080078125e+01
1.047188110351562500e+02
0.000000000000000000e+00
0.000000000000000000e+00
3.006516723632812500e+02
8.792391967773437500e+01
2.750202026367187500e+02
2.357618255615234375e+02
2.077131347656250000e+02
1.879045715332031250e+02
4.678762435913085938e+01
2.887215881347656250e+02
9.299990844726562500e+01
3.329586029052734375e+01
1.752732276916503906e+01
1.079867935180664062e+02
2.204190063476562500e+02
1.867160034179687500e+01
7.709840393066406250e+01
5.005430221557617188e+01
7.387099456787109375e+01
1.655449523925781250e+02
1.102527313232421875e+02
1.283050689697265625e+02
4.996650695800781250e+01
4.054967498779296875e+01
1.449337463378906250e+02
1.915088195800781250e+02
3.763043823242187500e+02
0.000000000000000000e+00
0.000000000000000000e+00
0.000000000000000000e+00
0.000000000000000000e+00
0.000000000000000000e+00
0.000000000000000000e+00
0.000000000000000000e+00
0.000000000000000000e+00
0.000000000000000000e+00
0.000000000000000000e+00
0.000000000000000000e+00
0.000000000000000000e+00
0.000000000000000000e+00
0.000000000000000000e+00
0.000000000000000000e+00
0.000000000000000000e+00
0.000000000000000000e+00
0.000000000000000000e+00
0.000000000000000000e+00
0.000000000000000000e+00
0.000000000000000000e+00
0.000000000000000000e+00
0.000000000000000000e+00
0.000000000000000000e+00
0.000000000000000000e+00
0.000000000000000000e+00
0.000000000000000000e+00
0.000000000000000000e+00
0.000000000000000000e+00
0.000000000000000000e+00
0.000000000000000000e+00
0.000000000000000000e+00
0.000000000000000000e+00
0.000000000000000000e+00
0.000000000000000000e+00
0.000000000000000000e+00
0.000000000000000000e+00
0.000000000000000000e+00
0.000000000000000000e+00
0.000000000000000000e+00
0.000000000000000000e+00
0.000000000000000000e+00
0.000000000000000000e+00
0.000000000000000000e+00
0.000000000000000000e+00
0.000000000000000000e+00
0.000000000000000000e+00
0.000000000000000000e+00
0.000000000000000000e+00
0.000000000000000000e+00
0.000000000000000000e+00
1.342539367675781250e+02
0.000000000000000000e+00
4.619624137878417969e+00
0.000000000000000000e+00
3.232822570800781250e+02
2.243394317626953125e+02
0.000000000000000000e+00
3.254349975585937500e+02
0.000000000000000000e+00
4.236183166503906250e+02
1.216715698242187500e+02
0.000000000000000000e+00
4.608819274902343750e+02
0.000000000000000000e+00
5.470458374023437500e+02
3.451588821411132812e+01
0.000000000000000000e+00
6.327581176757812500e+02
1.575012817382812500e+02
5.525629882812500000e+02
1.522716369628906250e+02
0.000000000000000000e+00
6.026647338867187500e+02
3.847198486328125000e+02
0.000000000000000000e+00
3.761119995117187500e+02
3.498417053222656250e+02
0.000000000000000000e+00
1.112086791992187500e+02
2.116668090820312500e+02
3.499707946777343750e+02
0.000000000000000000e+00
2.500855865478515625e+02
1.897750244140625000e+02
1.330607147216796875e+02
2.132104110717773438e+01
0.000000000000000000e+00
1.062810134887695312e+02
0.000000000000000000e+00
4.097119522094726562e+01
0.000000000000000000e+00
0.000000000000000000e+00
0.000000000000000000e+00
0.000000000000000000e+00
0.000000000000000000e+00
0.000000000000000000e+00
0.000000000000000000e+00
0.000000000000000000e+00
0.000000000000000000e+00
2.780668735504150391e+00
2.527855834960937500e+02
2.773668823242187500e+02
2.105207366943359375e+02
3.188767700195312500e+02
2.257934570312500000e+02
2.698664245605468750e+02
0.000000000000000000e+00
2.549880065917968750e+02
2.697584838867187500e+02
2.013090057373046875e+02
6.594161224365234375e+01
0.000000000000000000e+00
1.646800384521484375e+02
2.275116348266601562e+01
1.414685363769531250e+02
1.576755523681640625e+01
0.000000000000000000e+00
8.707093811035156250e+01
0.000000000000000000e+00
1.177154388427734375e+02
3.421677780151367188e+01
5.862192535400390625e+01
1.568689823150634766e+01
0.000000000000000000e+00
6.027241706848144531e+00
0.000000000000000000e+00
0.000000000000000000e+00
0.000000000000000000e+00
0.000000000000000000e+00
0.000000000000000000e+00
0.000000000000000000e+00
0.000000000000000000e+00
0.000000000000000000e+00
0.000000000000000000e+00
0.000000000000000000e+00
0.000000000000000000e+00
0.000000000000000000e+00
4.380866241455078125e+01
0.000000000000000000e+00
9.952531433105468750e+01
0.000000000000000000e+00
0.000000000000000000e+00
1.833511657714843750e+02
0.000000000000000000e+00
5.993314361572265625e+01
0.000000000000000000e+00
0.000000000000000000e+00
3.036195373535156250e+02
9.770084381103515625e+01
0.000000000000000000e+00
5.304450225830078125e+01
0.000000000000000000e+00
0.000000000000000000e+00
0.000000000000000000e+00
0.000000000000000000e+00
4.898408508300781250e+01
0.000000000000000000e+00
1.298660373687744141e+01
0.000000000000000000e+00
1.212753391265869141e+01
2.352357864379882812e+01
0.000000000000000000e+00
2.502638626098632812e+01
3.151968955993652344e+01
0.000000000000000000e+00
1.323338508605957031e+01
0.000000000000000000e+00
0.000000000000000000e+00
1.931129455566406250e+01
0.000000000000000000e+00
0.000000000000000000e+00
0.000000000000000000e+00
0.000000000000000000e+00
0.000000000000000000e+00
0.000000000000000000e+00
0.000000000000000000e+00
0.000000000000000000e+00
0.000000000000000000e+00
0.000000000000000000e+00
0.000000000000000000e+00
0.000000000000000000e+00
0.000000000000000000e+00
0.000000000000000000e+00
0.000000000000000000e+00
0.000000000000000000e+00
0.000000000000000000e+00
0.000000000000000000e+00
0.000000000000000000e+00
0.000000000000000000e+00
0.000000000000000000e+00
0.000000000000000000e+00
0.000000000000000000e+00
0.000000000000000000e+00
0.000000000000000000e+00
0.000000000000000000e+00
0.000000000000000000e+00
0.000000000000000000e+00
0.000000000000000000e+00
0.000000000000000000e+00
4.101002197265625000e+02
0.000000000000000000e+00
3.471417236328125000e+02
0.000000000000000000e+00
0.000000000000000000e+00
0.000000000000000000e+00
3.997541809082031250e+02
4.578177795410156250e+02
0.000000000000000000e+00
2.584606018066406250e+02
0.000000000000000000e+00
5.004554748535156250e+02
2.692911682128906250e+02
0.000000000000000000e+00
4.206465759277343750e+02
0.000000000000000000e+00
4.291489257812500000e+02
1.781260833740234375e+02
0.000000000000000000e+00
5.008212890625000000e+02
0.000000000000000000e+00
3.695004577636718750e+02
2.195992126464843750e+02
0.000000000000000000e+00
4.482586364746093750e+02
1.503460540771484375e+02
1.240944671630859375e+02
1.878615570068359375e+01
1.954873962402343750e+02
2.705564880371093750e+02
1.688159332275390625e+02
6.242073059082031250e+01
1.482228546142578125e+02
2.100414886474609375e+02
3.601999664306640625e+01
2.328861389160156250e+02
0.000000000000000000e+00
2.116188049316406250e+02
2.835370788574218750e+02
0.000000000000000000e+00
2.816708068847656250e+02
0.000000000000000000e+00
2.241483001708984375e+02
3.130283813476562500e+02
0.000000000000000000e+00
2.836040954589843750e+02
0.000000000000000000e+00
2.236123809814453125e+02
3.117172241210937500e+02
1.280281982421875000e+02
0.000000000000000000e+00
0.000000000000000000e+00
0.000000000000000000e+00
0.000000000000000000e+00
0.000000000000000000e+00
0.000000000000000000e+00
0.000000000000000000e+00
0.000000000000000000e+00
0.000000000000000000e+00
0.000000000000000000e+00
0.000000000000000000e+00
0.000000000000000000e+00
0.000000000000000000e+00
0.000000000000000000e+00
0.000000000000000000e+00
0.000000000000000000e+00
0.000000000000000000e+00
0.000000000000000000e+00
0.000000000000000000e+00
0.000000000000000000e+00
0.000000000000000000e+00
0.000000000000000000e+00
0.000000000000000000e+00
0.000000000000000000e+00
0.000000000000000000e+00
0.000000000000000000e+00
0.000000000000000000e+00
0.000000000000000000e+00
0.000000000000000000e+00
0.000000000000000000e+00
0.000000000000000000e+00
0.000000000000000000e+00
0.000000000000000000e+00
0.000000000000000000e+00
0.000000000000000000e+00
0.000000000000000000e+00
0.000000000000000000e+00
0.000000000000000000e+00
0.000000000000000000e+00
0.000000000000000000e+00
0.000000000000000000e+00
0.000000000000000000e+00
0.000000000000000000e+00
0.000000000000000000e+00
0.000000000000000000e+00
0.000000000000000000e+00
0.000000000000000000e+00
0.000000000000000000e+00
0.000000000000000000e+00
0.000000000000000000e+00
0.000000000000000000e+00
0.000000000000000000e+00
0.000000000000000000e+00
0.000000000000000000e+00
0.000000000000000000e+00
0.000000000000000000e+00
0.000000000000000000e+00
0.000000000000000000e+00
0.000000000000000000e+00
0.000000000000000000e+00
0.000000000000000000e+00
0.000000000000000000e+00
0.000000000000000000e+00
0.000000000000000000e+00
0.000000000000000000e+00
0.000000000000000000e+00
0.000000000000000000e+00
0.000000000000000000e+00
0.000000000000000000e+00
0.000000000000000000e+00
0.000000000000000000e+00
0.000000000000000000e+00
0.000000000000000000e+00
0.000000000000000000e+00
0.000000000000000000e+00
0.000000000000000000e+00
0.000000000000000000e+00
0.000000000000000000e+00
0.000000000000000000e+00
0.000000000000000000e+00
0.000000000000000000e+00
0.000000000000000000e+00
0.000000000000000000e+00
0.000000000000000000e+00
0.000000000000000000e+00
0.000000000000000000e+00
0.000000000000000000e+00
0.000000000000000000e+00
0.000000000000000000e+00
0.000000000000000000e+00
0.000000000000000000e+00
0.000000000000000000e+00
0.000000000000000000e+00
0.000000000000000000e+00
0.000000000000000000e+00
0.000000000000000000e+00
0.000000000000000000e+00
0.000000000000000000e+00
0.000000000000000000e+00
0.000000000000000000e+00
4.553956909179687500e+02
0.000000000000000000e+00
3.595798339843750000e+02
8.266271209716796875e+01
0.000000000000000000e+00
0.000000000000000000e+00
3.632738342285156250e+02
4.172206420898437500e+02
0.000000000000000000e+00
9.295391845703125000e+01
0.000000000000000000e+00
3.812963256835937500e+02
2.037752227783203125e+02
0.000000000000000000e+00
2.458410034179687500e+02
0.000000000000000000e+00
2.495641632080078125e+02
9.435121917724609375e+01
0.000000000000000000e+00
3.797842712402343750e+02
0.000000000000000000e+00
2.001303405761718750e+02
8.151743316650390625e+01
9.304774475097656250e+01
4.442011718750000000e+02
0.000000000000000000e+00
0.000000000000000000e+00
0.000000000000000000e+00
0.000000000000000000e+00
0.000000000000000000e+00
5.798328399658203125e+01
1.502420425415039062e+00
0.000000000000000000e+00
5.140567016601562500e+01
0.000000000000000000e+00
1.469980926513671875e+02
0.000000000000000000e+00
0.000000000000000000e+00
2.029960937500000000e+02
0.000000000000000000e+00
2.385253753662109375e+02
0.000000000000000000e+00
0.000000000000000000e+00
2.832545776367187500e+02
0.000000000000000000e+00
2.424300689697265625e+02
4.956992721557617188e+01
0.000000000000000000e+00
2.228769226074218750e+02
0.000000000000000000e+00
0.000000000000000000e+00
0.000000000000000000e+00
0.000000000000000000e+00
0.000000000000000000e+00
0.000000000000000000e+00
0.000000000000000000e+00
0.000000000000000000e+00
0.000000000000000000e+00
0.000000000000000000e+00
0.000000000000000000e+00
0.000000000000000000e+00
0.000000000000000000e+00
0.000000000000000000e+00
0.000000000000000000e+00
0.000000000000000000e+00
0.000000000000000000e+00
0.000000000000000000e+00
0.000000000000000000e+00
0.000000000000000000e+00
0.000000000000000000e+00
0.000000000000000000e+00
0.000000000000000000e+00
0.000000000000000000e+00
0.000000000000000000e+00
0.000000000000000000e+00
0.000000000000000000e+00
0.000000000000000000e+00
0.000000000000000000e+00
0.000000000000000000e+00
0.000000000000000000e+00
0.000000000000000000e+00
0.000000000000000000e+00
0.000000000000000000e+00
0.000000000000000000e+00
0.000000000000000000e+00
0.000000000000000000e+00
0.000000000000000000e+00
0.000000000000000000e+00
0.000000000000000000e+00
0.000000000000000000e+00
0.000000000000000000e+00
0.000000000000000000e+00
0.000000000000000000e+00
0.000000000000000000e+00
0.000000000000000000e+00
0.000000000000000000e+00
0.000000000000000000e+00
0.000000000000000000e+00
0.000000000000000000e+00
0.000000000000000000e+00
0.000000000000000000e+00
1.590261077880859375e+02
6.154926300048828125e+01
0.000000000000000000e+00
1.407860260009765625e+02
2.234836730957031250e+02
2.363581390380859375e+02
0.000000000000000000e+00
2.202506866455078125e+02
0.000000000000000000e+00
2.647682495117187500e+02
5.326242828369140625e+01
5.224241638183593750e+01
2.416647949218750000e+02
0.000000000000000000e+00
2.521307830810546875e+02
0.000000000000000000e+00
5.615812683105468750e+01
2.828373718261718750e+02
0.000000000000000000e+00
2.454843902587890625e+02
2.541791343688964844e+01
0.000000000000000000e+00
2.866752319335937500e+02
1.120983886718750000e+02
3.575863342285156250e+02
0.000000000000000000e+00
3.697218322753906250e+02
1.566619873046875000e+02
2.919530487060546875e+01
2.238814353942871094e+01
2.306956939697265625e+02
4.361134643554687500e+02
0.000000000000000000e+00
3.052178344726562500e+02
0.000000000000000000e+00
3.653187255859375000e+02
3.621140136718750000e+02
0.000000000000000000e+00
3.587379150390625000e+02
0.000000000000000000e+00
3.549594421386718750e+02
2.799100952148437500e+02
0.000000000000000000e+00
3.670583496093750000e+02
0.000000000000000000e+00
2.703308410644531250e+02
2.993859558105468750e+02
0.000000000000000000e+00
4.008614501953125000e+02
5.379079055786132812e+01
3.798844528198242188e+01
1.559979705810546875e+02
1.698964080810546875e+02
2.925628051757812500e+02
7.509680938720703125e+01
5.586934661865234375e+01
1.380992736816406250e+02
4.161055374145507812e+01
1.853606567382812500e+02
7.190467834472656250e+01
3.234108448028564453e+00
2.268053741455078125e+02
4.304236984252929688e+01
0.000000000000000000e+00
1.023169326782226562e+02
0.000000000000000000e+00
2.851317443847656250e+02
1.825103454589843750e+02
1.168718338012695312e+01
1.320498199462890625e+02
0.000000000000000000e+00
2.544422454833984375e+02
2.986254272460937500e+02
5.991281890869140625e+01
1.060944519042968750e+02
3.900852966308593750e+02
2.811189270019531250e+02
2.282245178222656250e+02
2.387890014648437500e+02
2.588453369140625000e+02
2.738521118164062500e+02
0.000000000000000000e+00
3.178743896484375000e+02
2.836999206542968750e+02
1.890222930908203125e+02
4.199445343017578125e+01
0.000000000000000000e+00
1.475152893066406250e+02
4.398564147949218750e+01
1.323958587646484375e+02
2.073138618469238281e+01
0.000000000000000000e+00
7.409375762939453125e+01
0.000000000000000000e+00
1.130138473510742188e+02
5.191481781005859375e+01
4.183237838745117188e+01
0.000000000000000000e+00
0.000000000000000000e+00
