[[ 3.9947525e-02 -1.3398273e-03  2.0947151e-02 ...  3.1178214e-02
  -3.8380861e-02  1.7070631e-02]
 [-4.7793068e-02  6.2000476e-02  1.1472705e-06 ... -5.6048170e-02
  -4.1851651e-02 -1.4922564e-01]
 [-1.1522870e-02  3.2899383e-02 -1.5466638e-01 ...  5.9097752e-02
  -5.1977504e-02 -4.5206588e-02]
 ...
 [-3.7121657e-02  4.3827031e-02  4.2145509e-02 ...  2.8542029e-02
  -7.1192749e-02 -9.5219986e-04]
 [-2.6662722e-02 -1.1478966e-01  7.6969996e-02 ...  5.8811821e-02
  -5.9349786e-02  4.9224798e-02]
 [-4.9800258e-02 -1.2466339e-01 -8.6303115e-02 ...  4.3965586e-02
   1.6937068e-02 -1.4737871e-01]]